GIMP Palette
Name: bugslife_final.png-10
Columns: 16
#
224 175 89
234 149 103
232 170 37
255 132 38
219 129 81
237 83 7
219 130 52
229 97 20
191 158 61
178 89 37
247 144 27
244 153 88
234 198 89
214 142 79
239 178 55
201 71 6
178 113 51
249 114 52
239 141 35
188 146 32
216 178 65
219 163 89
191 101 63
234 85 16
211 150 35
198 113 63
229 106 25
237 179 33
249 172 104
237 158 2
196 131 11
219 148 54
237 195 104
221 180 77
178 114 24
191 92 17
252 113 20
234 149 37
219 151 96
211 128 76
214 131 77
186 98 31
252 117 55
244 130 24
234 202 98
226 191 102
252 200 27
196 100 41
209 92 41
198 120 1
219 75 8
239 167 100
221 148 70
237 175 42
232 133 34
221 167 57
229 152 89
183 133 16
226 156 4
211 151 10
226 87 22
229 130 64
198 100 57
214 124 14
181 145 30
181 80 34
232 172 44
178 70 3
216 164 73
255 197 40
239 97 31
255 147 89
244 124 63
219 156 89
196 128 11
221 145 4
183 138 12
237 186 56
201 71 6
183 152 51
188 77 26
249 144 7
255 174 53
237 138 73
214 170 83
249 199 97
178 128 19
234 138 86
206 122 86
178 123 14
234 153 46
229 167 91
234 136 91
188 94 5
219 139 10
206 156 76
219 105 6
244 166 83
183 119 16
214 153 10
219 165 98
244 135 19
224 112 51
234 95 25
219 127 70
244 154 26
247 199 56
244 135 51
252 197 68
198 128 15
211 170 74
170 83 46
206 81 18
249 111 19
219 167 24
178 126 3
242 178 89
216 166 67
226 78 9
229 177 6
186 84 16
209 147 48
186 137 46
188 116 0
186 81 20
232 129 39
226 158 90
229 182 94
201 116 70
183 130 55
198 107 31
181 116 19
201 78 26
237 132 47
206 176 76
234 153 53
206 134 72
255 157 0
191 140 59
198 119 69
191 69 3
214 110 6
239 196 86
219 85 13

